mapping(7) = [-0.5669467 -0.3779645 -0.1889822 0 0.1889822 0.3779645 0.5669467];
 
lambda_2 = 0.32135
lambda_4 = 0.2320897
lambda_5 = 0.1638481
lambda_20 = 0.1327266
lambda_21 = 0.1324387
lambda_49 = 0.01754697
rho_3 = 0.02671212
rho_6 = 0.3111302
rho_7 = 0.5024115
rho_20 = 0.1597462

