mapping(31) = [-15   -14   -13   -12   -11   -10    -9    -8    -7    -6    -5    -4    -3    -2    -1     0     1    2     3     4     5     6     7     8     9    10    11    12    13    14    15]; % 31 uniform 


lambda_2 = 0.55057877
lambda_5 = 0.1165037
lambda_7 = 0.15931389
lambda_32 = 6.4990153e-06
lambda_34 = 0.070317942
lambda_35 = 0.10327704
lambda_36 = 2.1677915e-06
rho_4 = 0.059863889
rho_7 = 0.7704768
rho_8 = 0.048767926
rho_20 = 0.12089138
