mapping(31) = [-15   -14   -13   -12   -11   -10    -9    -8    -7    -6    -5    -4    -3    -2    -1     0     1    2     3     4     5     6     7     8     9    10    11    12    13    14    15]; % 31 uniform 


lambda_2 = 0.68314092
lambda_5 = 0.072918832
lambda_6 = 0.12231581
lambda_19 = 0.021346064
lambda_30 = 0.10027838
rho_3 = 0.970346
rho_4 = 0.020010165
rho_5 = 0.0043514729
rho_6 = 0.0021191184
rho_7 = 0.0012651906
rho_8 = 0.00093049977
rho_9 = 0.00056459827
rho_10 = 0.00022198272
rho_11 = 0.00013708703
rho_12 = 5.3885399e-05
