mapping(31) = [-1.473 -1.2896 -1.1362 -1.0022 -0.88161 -0.77061 -0.66697 -0.569 -0.47523 -0.38474 -0.29689 -0.21075 -0.12592 -0.041887 0.041887 0.12592 0.21075 0.29689 0.38474 0.47523 0.569 0.66697 0.77061 0.88161 1.0022 1.1362 1.2896 1.473 1.7096 2.0701];    % 31 nonuniform

lambda_2 = 0.5745
lambda_5 = 0.118
lambda_6 = 0.1255
lambda_20 = 0.1197
lambda_21 = 0.06218
rho_4 = 0.06219
rho_7 = 0.5629
rho_8 = 0.2951
rho_20 = 0.07976
